 9.614479393105134,
  8.631907099555065,
  7.163824036935998,
  5.3194237041436585,
  3.312840338330581,
  1.3757541505590203,
  -0.37110577872350353,
  -1.9703092314911446,
  -3.590540062424266,
  -5.4564102362369455,
  -7.770700703834757,
  -10.58137439976232,
  -13.463578877058694,
  -15.02236788373962,
  -13.313338285269852,
  -8.38034117167434,
  -2.7682103395976294,
  1.504659832317214,
  4.019351424418843,
  5.151666677713268,
  5.40146259140219,
  5.160339410739885,
  4.684611960154256,
  4.126231009177619,
  3.568276805266851,
  3.0517495812786675,
  2.593265411198049,
  2.1960708069753023,
  1.8566541555304812,
  1.5685760961424506,
  1.324585443909981,
  1.117704670908953,
  0.9417169895249214,
  0.7913222798692523,
  0.6621223230134197,
  0.5505280581144274,
  0.4536398767444744,
  0.3691271879872049,
  0.29511934115539984,
  0.23011228908447295,
  0.1728914350923205,
  0.12246928391084298,
  0.07803583413899517,
  0.03891954654592093,
  0.004556888121483339,
  -0.025531279521324383,
  -0.05175791072018746,
  -0.07448376015414578,
  -0.09402808221720371,
  -0.11067679096548863,
  -0.12468866647156886,
  -0.1363000649845845,
  -0.14572848815560352,
  -0.15317528597585406,
  -0.15882770479701175,
  -0.1628604423212855,
  -0.1654368328584648,
  -0.16670975609164987,
  -0.1668223391898304,
  -0.16590850384730702,
  -0.16409339552480995,
  -0.16149372085974564,
  -0.1582180101426972,
  -0.15436681430583452,
  -0.15003283952741292,
  -0.14530101689574,
  -0.1402484992168017,
  -0.1349445716475376,
  -0.12945045705361616,
  -0.1238189904856583,
  -0.118094129571512,
  -0.11231025852461198,
  -0.10649123239483113,
  -0.10064909458259305,
  -0.09478238383443159,
  -0.08887392614234986,
  -0.08288798121751102,
  -0.07676658134364998,
  -0.07042486104086818,
  -0.06374512741830562